-----------------------------------------------------------------------------------------------------------------------------
Column #	Description
-----------------------------------------------------------------------------------------------------------------------------
1		SDSS identifier
2		Effective temperature and uncertainty (K)
3		Surface gravity and uncertainty (cgs)
4		Mass and uncertainty (Msun)
5		log Ca/He number abundance ratio
6		log Mg/He number abundance ratio
7		log Fe/He number abundance ratio
8		log H/He number abundance ratio
-----------------------------------------------------------------------------------------------------------------------------
J000215.65+320914.1	6466(165)	8.257(0.273)	0.737(0.177)	-9.1(0.2)	-7.4(0.2)	-7.9(0.2)	<-3.1
J000418.68+081929.9	5843(261)	8.000			    	-8.8(0.2)	-7.2(0.2)	-7.6(0.4)	<-3.0
J000614.53+052039.0	5783(203)	7.839(0.271)	0.478(0.163)	-9.8(0.2)	-8.6(0.5)	-9.6(0.3)	<-3.0
J001052.56-043014.3	6903(209)	8.122(0.374)	0.651(0.225)	-8.5(0.1)	-6.7(0.1)	-7.0(0.1)	<-3.8
J001309.43+110949.0	6090(322)	8.000		     	    	-9.2(0.4)	-7.5(0.4)	-8.0(0.5)	<-3.0
J001949.26+220926.5	5797(197)	7.608(0.317)	0.365(0.164)	-9.7(0.2)	-8.4(0.2)	-8.5(0.2)	<-3.0
J004451.69+041819.2	6104(129)	8.220(0.031)	0.711(0.020)	-9.8(0.1)	-8.3(0.3)	-8.4(0.2)	<-3.0
J004634.22+271737.6	8053(273)	8.465(0.327)	0.879(0.211)	-7.2(0.2)	-5.4(0.2)	-6.3(0.3)	<-4.1
J004757.07+162836.5	6300(246)	8.000		     	    	-8.0(0.2)	-6.8(0.2)	-6.7(0.2)	<-3.2
J005247.16+184649.5	5305(223)	8.000		     	    	-9.0(0.3)	-7.1(0.2)	-7.5(0.3)	<-3.0
J005304.15+311555.8	6548(322)	8.000		     	    	-8.8(0.5)	-7.6(0.5)	-7.6(0.5)	<-3.2
J005649.27+245335.4	5061(194)	8.000		     	    	-10.2(0.5)	-9.0(0.5)	-9.1(0.5)	<-3.0
J010825.79-053755.6	6250(183)	7.256(0.512)	0.241(0.203)	-8.5(0.3)	-8.2(0.3)	-7.9(0.3)	<-3.7
J011421.17+350547.1	6209(198)	8.000		     	    	-8.4(0.1)	-7.0(0.1)	-7.1(0.1)	<-3.1
J011646.10+205001.9	6245(70)	8.000		     	    	-8.8(0.1)	-7.4(0.1)	-7.6(0.1)	<-3.2
J011759.81+002138.1	6994(94)	8.052(0.084)	0.608(0.052)	-8.8(0.1)	-7.2(0.1)	-7.6(0.1)	<-3.9
J012620.48+253433.6	5588(125)	8.456(0.213)	0.870(0.142)	-9.5(0.3)	-8.3(0.5)	-8.3(0.5)	<-3.0
J013504.11+130240.4	6013(79)	8.097(0.065)	0.633(0.040)	-9.2(0.1)	-7.9(0.2)	-8.1(0.3)	<-3.0
J014300.52+011356.8	7229(86)	8.178(0.086)	0.687(0.055)	-8.2(0.1)	-6.6(0.1)	-7.0(0.1)	<-3.9
J014415.12+192021.4	6024(206)	7.877(0.424)	0.500(0.265)	-8.7(0.2)	-7.3(0.2)	-7.6(0.2)	<-3.0
J014441.64+030536.2	6753(320)	8.000		     	    	-8.3(0.3)	-7.1(0.3)	-7.2(0.3)	<-3.2
J014834.00-011235.9	6760(204)	8.000		     	    	-9.0(0.2)	-7.3(0.3)	-7.9(0.5)	<-3.9
J015008.55+135433.9	6953(156)	8.262(0.153)	0.741(0.101)	-7.7(0.2)	-6.0(0.1)	-6.8(0.2)	<-3.6
J015849.02-094225.3	6115(194)	7.990(0.305)	0.567(0.194)	-9.9(0.2)	-8.7(0.5)	-8.8(0.5)	<-3.0
J020128.66+201521.8	6250(213)	8.091(0.243)	0.630(0.150)	-9.0(0.2)	-7.3(0.2)	-8.0(0.2)	<-3.1
J020809.93-054258.3	6085(216)	8.000		     	    	-8.2(0.3)	-7.2(0.3)	-7.1(0.3)	<-3.0
J023407.46-051028.1	6601(186)	8.000		     	    	-8.5(0.2)	-6.9(0.2)	-7.3(0.2)	<-3.6
J025206.06-040130.3	6773(181)	7.924(0.289)	0.530(0.178)	-8.9(0.1)	-6.8(0.1)	-8.0(0.2)	<-3.8
J025253.20+005439.4	7478(177)	8.031(0.179)	0.596(0.108)	-8.5(0.2)	-7.1(0.2)	-7.2(0.2)	<-4.1
J044751.21+112403.8	6966(175)	7.858(0.284)	0.492(0.171)	-9.0(0.3)	-7.3(0.3)	-7.7(0.3)	<-3.7
J072144.23+392843.3	6022(179)	7.433(0.468)	0.296(0.218)	-9.3(0.2)	-7.7(0.2)	-8.4(0.2)	<-3.0
J073635.22+411828.2	5010(138)	8.222(0.081)	0.711(0.054)	-8.5(0.3)	-7.3(0.3)	-7.3(0.3)	<-3.0
J073953.46+311204.2	5221(186)	8.000		     	    	-9.2(0.4)	-7.9(0.5)	-8.0(0.5)	<-3.0
J074153.45+314620.4	5974(154)	8.205(0.224)	0.701(0.145)	-9.0(0.2)	-7.6(0.2)	-7.5(0.2)	<-3.0
J074414.66+464912.5	4861(142)	8.052(0.041)	0.602(0.026)	-8.3(0.1)	-7.6(0.2)	-7.6(0.2)	<-3.0
J074444.03+440845.6	6612(192)	8.000		     	    	-8.6(0.2)	-7.4(0.2)	-7.5(0.2)	<-3.6
J074450.24+270132.6	7829(215)	8.160(0.349)	0.676(0.231)	-7.8(0.2)	-6.7(0.2)	-7.0(0.2)	<-4.2
J074456.21+164041.8	4703(160)	7.910(0.248)	0.515(0.154)	-10.3(0.3)	-9.1(0.5)	-9.1(0.5)	<-3.0
J075853.46+101347.4	5585(173)	8.000		     	    	-8.5(0.2)	-7.0(0.2)	-7.1(0.2)	<-3.0
J080003.90+224210.1	6049(191)	8.000		     	    	-9.9(0.3)	-8.7(0.5)	-8.7(0.5)	<-3.1
J080626.70+305555.7	7017(189)	8.000		     	    	-7.9(0.3)	-6.8(0.2)	-7.0(0.3)	<-3.6
J080740.69+493059.7	5172(179)	8.005(0.291)	0.574(0.187)	-8.3(0.2)	-6.8(0.2)	-7.2(0.2)	<-3.0
J081606.19+233030.1	7642(255)	8.000		     	    	-7.6(0.3)	-6.0(0.3)	-6.5(0.3)	<-4.0
J081828.12+124717.2	6895(279)	8.000		     	    	-9.0(0.3)	-7.2(0.3)	-7.8(0.4)	<-3.8
J083033.66-031911.0	6424(154)	7.736(0.117)	0.428(0.061)	-9.4(0.1)	-8.2(0.1)	-8.2(0.1)	<-3.5
J083858.56+232252.9	6048(182)	8.244(0.042)	0.727(0.028)	-9.8(0.2)	-8.6(0.5)	-8.7(0.5)	<-3.0
J084223.14+140615.9	7075(71)	7.985(0.038)	0.567(0.023)	-8.4(0.1)	-7.2(0.1)	-7.4(0.1)	<-4.0
J084239.85+153628.8	5966(262)	8.385(0.399)	0.823(0.254)	-9.8(0.4)	-8.5(0.2)	-8.6(0.2)	<-3.0
J084300.23+561452.8	6624(189)	8.292(0.300)	0.761(0.195)	-8.7(0.2)	-6.9(0.2)	-7.5(0.2)	<-3.2
J085100.23+154301.6	6284(80)	8.120(0.044)	0.649(0.027)	-8.6(0.1)	-7.4(0.2)	-8.2(0.2)	<-3.2
J085217.60+340211.3	4806(183)	7.743(0.344)	0.425(0.199)	-10.1(0.3)	-8.9(0.5)	-8.9(0.5)	<-3.0
J090146.87+075206.8	7263(156)	7.989(0.295)	0.570(0.186)	-7.1(0.2)	-5.8(0.2)	-6.1(0.2)	<-4.0
J090652.19+114149.9	6556(184)	8.000		     	    	-8.5(0.2)	-6.9(0.2)	-7.3(0.2)	<-3.5
J090803.35+513633.1	5779(242)	7.780(0.084)	0.447(0.044)	-10.1(0.3)	-8.9(0.3)	-9.0(0.3)	<-3.0
J090814.52+411918.3	6746(236)	8.000		     	    	-8.7(0.3)	-6.8(0.2)	-7.1(0.3)	<-3.2
J091322.38+262752.0	5252(166)	8.161(0.137)	     	    	-9.7(0.3)	-8.5(0.5)	-8.5(0.4)	<-3.0
J091356.05+412728.6	6010(174)	8.000		     	    	-8.6(0.3)	-7.3(0.3)	-7.4(0.5)	<-3.0
J091621.36+254028.4	5497(81)	8.066(0.035)	0.612(0.022)	-7.5(0.2)	-6.5(0.2)	-7.2(0.2)	<-3.0
J092450.03+430136.4	5500(167)	8.000		     	    	-10.2(0.4)	-9.0(0.5)	-9.0(0.5)	<-3.0
J092523.10+313019.0	6050(97)	8.000		     	    	-8.6(0.2)	-7.4(0.2)	-7.6(0.2)	<-3.0
J092932.50+424757.9	6676(104)	7.853(0.227)	0.489(0.135)	-8.3(0.2)	-6.5(0.2)	-7.1(0.2)	<-3.7
J093320.01+633441.2	6337(224)	8.000		     	    	-8.6(0.3)	-7.0(0.3)	-7.0(0.3)	<-3.2
J093719.14+522802.4	6660(98)	8.015(0.088)	0.585(0.053)	-8.4(0.1)	-6.9(0.1)	-7.4(0.2)	<-3.6
J093916.04+413612.9	6321(163)	8.422(0.308)	0.848(0.201)	-8.1(0.2)	-6.8(0.2)	-6.6(0.2)	<-3.0
J093944.58+501917.6	6030(172)	7.939(0.113)	0.536(0.067)	-8.4(0.2)	-6.7(0.2)	-7.0(0.2)	<-3.0
J094648.94+202423.2	7540(181)	8.000		     	    	-8.0(0.2)	-6.5(0.2)	-6.9(0.2)	<-4.2
J094813.74+300851.2	6284(184)	7.210(0.380)	0.228(0.132)	-9.1(0.2)	-7.9(0.2)	-8.1(0.2)	<-3.8
J095645.15+591240.6	8843(180)	8.168(0.040)	0.683(0.025)	-7.1(0.1)	-5.2(0.1)	-6.2(0.1)	-3.5
J100537.43+224403.1	6165(223)	8.000		     	    	-9.1(0.4)	-7.9(0.5)	-7.8(0.5)	<-3.0
J100609.16+175221.3	5605(256)	8.251(0.184)	0.731(0.121)	-9.5(0.5)	-8.3(0.5)	-8.3(0.5)	<-3.0
J101451.15+282701.6	6269(215)	8.000		     	    	-7.9(0.3)	-6.4(0.2)	-6.5(0.3)	<-3.1
J101711.54+344710.5	6089(183)	8.004(0.236)	0.576(0.139)	-9.8(0.5)	-8.6(0.5)	-8.6(0.5)	<-3.0
J101750.24+241911.6	6772(102)	8.409(0.397)	0.840(0.255)	-8.4(0.2)	-6.7(0.2)	-7.3(0.2)	<-3.3
J101924.73+353527.6	6224(239)	8.000		     	    	-8.8(0.4)	-7.0(0.4)	-7.9(0.4)	<-3.0
J101959.51+204553.4	5515(162)	8.000		     	    	-9.4(0.4)	-8.2(0.5)	-8.2(0.5)	<-3.0
J102414.83+453109.9	6339(194)	8.356(0.170)	0.803(0.114)	-8.4(0.2)	-7.3(0.2)	-7.6(0.2)	<-3.0
J102438.05+101410.5	6105(149)	8.000		     	    	-7.7(0.3)	-6.1(0.3)	-6.6(0.3)	<-3.1
J103205.15+133833.4	5479(199)	8.000		     	    	-9.1(0.3)	-7.3(0.3)	-8.1(0.3)	<-3.0
J103352.89+180935.3	6147(149)	8.267(0.095)	0.743(0.063)	-8.6(0.3)	-7.7(0.3)	-7.6(0.3)	<-3.0
J103809.19-003622.5	7996(82)	8.000		     	    	-7.4(0.1)	-6.3(0.1)	-6.9(0.1)	<-4.4
J103839.01+043223.8	6363(196)	8.000		     	    	-7.6(0.3)	-6.6(0.2)	-7.0(0.2)	<-3.2
J104046.48+240759.5	6023(80)	8.181(0.044)	0.686(0.028)	-8.1(0.2)	-6.8(0.1)	-7.2(0.2)	<-3.0
J104130.65+343240.7	7728(239)	8.301(0.390)	0.769(0.255)	-8.0(0.2)	-6.8(0.2)	-6.8(0.2)	<-4.0
J104319.84+351641.6	6069(78)	8.135(0.043)	0.657(0.027)	-9.3(0.1)	-7.5(0.1)	-7.6(0.1)	<-3.0
J104658.12+132911.3	5177(154)	7.895(0.225)	0.507(0.126)	-9.3(0.3)	-8.1(0.5)	-8.2(0.5)	<-3.0
J105533.73+372542.7	5614(155)	7.605(0.214)	0.361(0.101)	-8.4(0.3)	-8.2(0.2)	-8.2(0.5)	<-3.0
J105826.60+314358.3	7173(152)	8.159(0.065)	0.675(0.041)	-9.0(0.1)	-7.4(0.2)	-7.7(0.2)	<-3.9
J110216.09+282730.7	6320(248)	8.000		     	    	-7.8(0.4)	-6.2(0.2)	-6.7(0.4)	<-3.2
J110234.21+021459.2	5699(157)	8.137(0.079)	0.658(0.050)	-9.8(0.1)	-8.0(0.5)	-8.6(0.4)	<-3.0
J110304.15+414434.9	5728(159)	7.521(0.202)	0.327(0.081)	-9.4(0.1)	-7.7(0.2)	-8.3(0.2)	<-3.0
J110556.17+022849.0	5842(204)	8.000		     	    	-9.1(0.4)	-7.6(0.2)	-8.0(0.4)	<-3.0
J111215.06+070052.4	6891(169)	7.867(0.146)	0.497(0.081)	-9.7(0.2)	-7.6(0.3)	-8.5(0.5)	<-3.8
J113209.59+332353.0	6062(184)	8.000		     	    	-8.3(0.2)	-6.8(0.2)	-7.1(0.2)	<-3.1
J113410.85+154245.9	6806(166)	8.000		     	    	-8.5(0.1)	-6.9(0.1)	-7.3(0.4)	<-3.8
J114408.05+372007.8	7280(196)	7.768(0.360)	0.446(0.209)	-8.5(0.2)	-7.0(0.2)	-7.6(0.4)	<-4.2
J114441.92+121829.2	5320(92)	8.009(0.034)	0.577(0.021)	-9.3(0.1)	-7.8(0.2)	-8.3(0.2)	<-3.0
J114709.09+542940.8	5000(247)	8.000		     	    	-9.5(0.5)	-8.3(0.5)	-8.3(0.5)	<-3.0
J114944.95+051947.7	7173(96)	7.914(0.210)	0.525(0.118)	-8.2(0.1)	-7.3(0.1)	-7.5(0.2)	<-4.0
J115015.74+492843.7	7417(218)	8.189(0.159)	0.694(0.102)	-9.1(0.3)	-7.5(0.5)	-7.9(0.5)	<-4.0
J115207.15+510126.2	4790(233)	8.000		     	    	-10.4(0.3)	-9.1(0.5)	-9.2(0.5)	<-3.0
J115748.35+613845.9	6607(289)	8.000		     	    	-9.3(0.3)	-7.6(0.5)	-8.2(0.5)	<-3.9
J115818.76+045447.5	5344(150)	7.991(0.310)	0.566(0.199)	-8.5(0.2)	-7.0(0.1)	-7.5(0.3)	<-3.0
J115809.38+184557.3	6696(231)	8.040(0.245)	0.600(0.147)	-8.6(0.2)	-6.4(0.1)	-7.4(0.2)	<-3.7
J115822.32+471214.9	7840(141)	8.000		     	    	-8.3(0.1)	-6.7(0.1)	-6.9(0.2)	<-4.3
J115844.35+544837.5	6213(246)	8.000		     	    	-9.0(0.3)	-7.3(0.2)	-7.8(0.4)	<-3.2
J115809.88+594210.3	6046(166)	8.022(0.193)	0.587(0.116)	-8.9(0.3)	-7.7(0.2)	-8.4(0.3)	<-3.0
J120548.97+353642.4	6000(126)	8.178(0.182)	0.684(0.117)	-8.9(0.1)	-7.2(0.1)	-7.6(0.1)	<-3.0
J121106.43+232623.0	6609(164)	8.663(0.384)	1.005(0.237)	-8.3(0.2)	-6.7(0.1)	-6.9(0.2)	<-3.0
J121731.31+115715.9	6012(107)	7.401(0.321)	0.285(0.134)	-9.6(0.2)	-7.8(0.2)	-8.7(0.3)	<-3.4
J121837.12+002304.0	6500(188)	8.314(0.073)	0.776(0.049)	-9.2(0.2)	-7.8(0.2)	-8.5(0.3)	<-3.1
J122035.76+092948.1	6677(169)	8.000		     	    	-8.4(0.1)	-6.8(0.1)	-7.4(0.1)	<-3.8
J122437.07+283853.0	4991(122)	8.010(0.074)	0.576(0.046)	-10.2(0.1)	-9.0(0.5)	-9.1(0.5)	<-3.0
J122943.92+074311.8	6014(183)	7.133(0.633)	0.204(0.237)	-8.9(0.2)	-7.3(0.2)	-7.3(0.2)	<-3.5
J123024.04+314339.7	6310(156)	7.676(0.352)	0.398(0.193)	-9.6(0.3)	-8.1(0.3)	-8.3(0.3)	<-3.4
J123415.21+520808.1	7627(70)	8.098(0.032)	0.637(0.020)	-7.5(0.1)	-5.7(0.1)	-6.3(0.1)	<-4.1
J123826.93+214937.7	5437(198)	8.097(0.229)	0.632(0.143)	-8.9(0.3)	-7.3(0.2)	-7.9(0.3)	<-3.0
J124547.11+082231.4	6074(130)	8.000		     	    	-8.3(0.2)	-7.0(0.2)	-7.6(0.2)	<-3.3
J125454.93+355145.7	6417(236)	8.036(0.678)	0.597(0.241)	-9.7(0.2)	-7.6(0.2)	-8.1(0.2)	<-3.4
J125710.13+323848.5	5376(257)	8.000		     	    	-8.8(0.2)	-7.2(0.2)	-7.6(0.4)	<-3.0
J125720.87-031025.1	6269(205)	8.000		     	    	-8.6(0.1)	-7.1(0.1)	-7.4(0.2)	<-3.4
J125922.03+311215.2	5664(252)	8.027(0.083)	0.589(0.051)	-9.8(0.3)	-8.6(0.4)	-8.6(0.4)	<-3.0
J125945.32+472953.6	5682(230)	7.795(0.391)	0.454(0.235)	-9.8(0.4)	-8.6(0.5)	-8.7(0.5)	<-3.0
J130328.07+405545.5	6481(167)	8.071(0.085)	0.618(0.053)	-8.7(0.3)	-7.2(0.2)	-7.9(0.3)	<-3.4
J130826.36+095724.0	7692(209)	8.000		     	    	-8.1(0.2)	-7.0(0.2)	-6.9(0.3)	<-4.6
J130830.03+025844.5	6003(105)	8.000		     	    	-9.3(0.2)	-7.9(0.2)	-7.8(0.2)	<-3.0
J131420.49+374806.5	6201(207)	8.379(0.338)	0.819(0.220)	-8.2(0.4)	-6.9(0.2)	-7.1(0.4)	<-3.0
J131612.87+191806.5	5160(171)	7.639(0.425)	0.375(0.235)	-10.3(0.4)	-9.1(0.5)	-9.2(0.5)	<-3.0
J131900.19+364149.8	7464(179)	8.294(0.176)	0.763(0.116)	-8.6(0.3)	-7.2(0.2)	-7.4(0.3)	<-3.9
J132005.53+020419.0	7356(296)	8.000		     	    	-8.3(0.3)	-7.0(0.3)	-7.1(0.3)	<-3.8
J132144.04-023751.4	5592(137)	8.000		     	    	-8.7(0.3)	-6.9(0.2)	-7.3(0.3)	<-3.0
J132941.79+130131.9	6706(166)	7.636(0.230)	0.381(0.115)	-8.9(0.2)	-7.4(0.1)	-8.0(0.3)	<-3.9
J133624.26+354751.2	6172(79)	8.057(0.019)	0.609(0.012)	-8.9(0.1)	-7.1(0.1)	-7.9(0.1)	<-3.1
J133905.98+264322.9	6452(143)	8.077(0.054)	0.622(0.034)	-9.0(0.2)	-7.6(0.1)	-8.4(0.2)	<-3.3
J134050.31+270219.0	8413(319)	8.000		     	    	-7.0(0.1)	-5.1(0.1)	-5.6(0.1)	<-4.1
J134203.60+181332.8	5524(164)	8.000		     	    	-9.0(0.5)	-7.8(0.5)	-7.9(0.5)	<-3.0
J134520.99+115357.6	6000(94	)	0.101(0.689)	0.065	    	-8.1(0.1)	-7.0(0.1)	-6.9(0.2)	<-3.0
J134711.47+141528.0	6520(125)	8.194(0.100)	0.696(0.065)	-8.6(0.2)	-7.1(0.1)	-7.3(0.2)	<-3.2
J135054.02+105808.0	5176(179)	8.505(0.211)	0.902(0.140)	-9.5(0.3)	-8.3(0.5)	-8.3(0.5)	<-3.0
J135123.86+264546.5	5640(144)	7.730(0.157)	0.421(0.084)	-8.5(0.2)	-7.9(0.2)	-7.8(0.3)	<-3.0
J135632.63+241606.0	6173(133)	8.010(0.045)	0.580(0.028)	-9.1(0.2)	-7.3(0.2)	-8.2(0.2)	<-3.2
J135654.01+023641.5	7662(165)	8.028(0.662)	0.595(0.228)	-8.0(0.1)	-6.3(0.1)	-6.7(0.2)	<-4.2
J140137.31+365909.9	5931(115)	7.973(0.036)	0.557(0.022)	-10.1(0.1)	-8.1(0.3)	-9.2(0.3)	<-3.0
J140410.72+362056.8	6284(124)	8.216(0.028)	0.709(0.019)	-8.7(0.1)	-7.3(0.1)	-8.3(0.2)	<-3.1
J140525.20+254212.4	5890(198)	8.000		     	    	-9.5(0.4)	-7.8(0.3)	-8.4(0.5)	<-3.0
J140557.10+154940.5	7055(83)	8.073(0.087)	0.621(0.054)	-8.5(0.1)	-6.9(0.1)	-7.3(0.1)	<-3.8
J141140.27+341039.4	5500(91)	8.363(0.142)	0.807(0.096)	-8.3(0.4)	-6.6(0.2)	-7.1(0.5)	<-3.0
J142120.11+184351.6	6517(108)	7.978(0.276)	0.562(0.174)	-8.5(0.1)	-6.7(0.1)	-7.3(0.2)	<-3.5
J142833.78+440346.2	6574(77)	8.064(0.020)	0.614(0.012)	-9.5(0.1)	-7.9(0.1)	-8.9(0.2)	<-3.5
J142939.38+384113.2	5636(147)	7.634(0.242)	0.375(0.123)	-10.3(0.2)	-9.1(0.5)	-9.2(0.5)	<-3.0
J143007.15-015129.5	6344(117)	8.076(0.071)	0.621(0.044)	-7.6(0.1)	-6.0(0.1)	-6.4(0.1)	<-3.1
J144301.55+583301.6	7061(284)	8.000		     	    	-8.5(0.2)	-7.1(0.1)	-7.3(0.2)	<-3.9
J144354.13+301413.3	6955(215)	8.000		     	    	-8.1(0.3)	-6.5(0.2)	-7.1(0.2)	<-4.0
J144535.03+091340.4	7035(255)	8.000		     	    	-7.7(0.2)	-6.2(0.1)	-6.6(0.2)	<-4.0
J144804.49+104709.1	6331(85)	8.173(0.039)	0.682(0.025)	-9.1(0.2)	-7.5(0.1)	-7.8(0.2)	<-3.1
J150028.02+231554.0	6630(267)	8.000		     	    	-8.2(0.4)	-6.6(0.2)	-7.0(0.4)	<-3.6
J150228.71+374452.9	5525(79)	8.084(0.056)	0.624(0.035)	-10.1(0.2)	-8.8(0.5)	-8.9(0.5)	<-3.0
J150739.03+403408.9	7304(211)	8.000		     	    	-8.0(0.2)	-6.3(0.1)	-6.8(0.2)	<-4.1
J151835.63+050627.5	5187(72)	8.161(0.056)	0.672(0.036)	-9.3(0.2)	-8.3(0.3)	-8.7(0.3)	<-3.0
J152449.58+404938.1	6203(107)	8.203(0.084)	0.701(0.054)	-8.4(0.1)	-7.1(0.1)	-7.5(0.2)	<-3.0
J153407.58+124254.4	6197(248)	8.000		     	    	-7.9(0.3)	-6.9(0.2)	-6.7(0.3)	<-3.3
J153505.75+124744.2	5950(66)	8.175(0.009)	0.682(0.006)	-8.6(0.1)	-7.0(0.1)	-7.5(0.1)	<-3.0
J153745.52+360818.6	5519(110)	8.000		     	    	-9.8(0.3)	-8.6(0.5)	-8.6(0.5)	<-3.0
J154022.80+535239.8	6500(156)	8.000		     	    	-8.7(0.3)	-6.8(0.1)	-7.5(0.3)	<-3.4
J154201.75+465020.2	6130(136)	8.269(0.196)	0.744(0.129)	-8.1(0.2)	-6.5(0.1)	-6.9(0.1)	<-3.0
J154349.79+202442.9	6206(140)	8.000		     	    	-8.7(0.2)	-7.1(0.2)	-7.6(0.4)	<-3.2
J154510.31+523618.4	6068(82)	8.107(0.093)	0.639(0.058)	-8.9(0.1)	-7.5(0.1)	-8.0(0.2)	<-3.0
J154913.46+263301.1	6794(109)	8.063(0.307)	0.614(0.245)	-9.6(0.2)	-7.9(0.1)	-8.0(0.2)	<-3.8
J154933.23+190646.7	6246(142)	8.000		     	    	-8.7(0.2)	-7.0(0.1)	-7.3(0.3)	<-3.2
J155429.01+173545.9	6847(55)	8.231(0.020)	0.721(0.013)	-8.4(0.1)	-7.1(0.1)	-7.6(0.1)	<-3.5
J160429.80+183035.4	6421(68)	8.100(0.098)	0.636(0.061)	-9.6(0.1)	-8.4(0.2)	-8.5(0.3)	<-3.2
J161026.10+400619.7	6552(162)	8.000		     	    	-8.7(0.3)	-7.3(0.1)	-7.2(0.2)	<-3.0
J161248.17+353434.8	7181(348)	8.000		     	    	-8.5(0.5)	-7.3(0.3)	-7.3(0.5)	<-3.9
J161603.00+330301.2	6491(88)	7.991(0.056)	0.569(0.035)	-8.2(0.1)	-6.7(0.1)	-7.1(0.2)	<-3.3
J162408.57+331019.0	6654(197)	8.000		     	    	-9.2(0.3)	-7.2(0.1)	-8.0(0.4)	<-3.5
J162612.73+330308.2	6715(207)	8.000		     	    	-8.6(0.2)	-7.1(0.1)	-7.5(0.3)	<-3.8
J162703.34+464658.2	6000(305)	7.785(0.179)	0.450(0.101)	-9.4(0.5)	-7.9(0.3)	-8.3(0.5)	<-3.0
J163601.33+161907.1	4410(200)	8.096(0.059)	0.669(0.038)	-9.5(0.1)	-8.3(1.0)	-8.3(1.0)	<-3.0
J164104.95+185602.1	5470(119)	7.941(0.115)	0.536(0.069)	-10.4(0.2)	-9.2(0.5)	-9.9(0.3)	<-3.0
J164939.23+223807.2	5261(156)	8.101(0.177)	0.634(0.112)	-8.4(0.2)	-6.7(0.2)	-7.4(0.2)	-1.8
J170638.11+254111.7	5813(2310	8.000				-10.1(0.3)	-8.9(0.5)	-9.0(0.5)	<-3.0
J210916.51-003921.6	6132(161)	7.997(0.147)	0.572(0.088)	-8.8(0.5)	-7.7(0.4)	-7.6(0.4)	<-3.0
J211045.34+051214.8	5828(224)	8.000		     	    	-9.4(0.5)	-7.7(0.5)	-8.3(0.5)	<-3.0
J212312.20+001653.5	5463(165)	8.166(0.363)	0.675(0.226)	-9.6(0.2)	-8.3(0.5)	-8.4(0.4)	<-3.0
J215752.30+120603.1	6042(57)	7.930(0.139)	0.531(0.081)	-9.1(0.1)	-7.6(0.1)	-8.1(0.1)	<-3.0
J222503.71+233855.1	6029(116)	7.937(0.099)	0.535(0.059)	-9.3(0.1)	-7.7(0.1)	-8.4(0.1)	<-3.1
J223014.70+190514.4	5631(144)	8.000		     	    	-8.5(0.3)	-6.8(0.2)	-7.1(0.2)	<-3.0
J223101.12+090635.1	5679(90)	7.992(0.077)	0.567(0.047)	-9.9(0.1)	-8.1(0.5)	-9.0(0.2)	<-3.0
J223507.65-005607.7	6514(139)	8.288(0.416)	0.758(0.262)	-8.4(0.2)	-7.1(0.1)	-7.2(0.2)	<-3.4
J223811.10+021352.9	6986(233)	8.000		     	    	-8.6(0.2)	-7.4(0.2)	-7.5(0.2)	<-4.0
J223815.97-011336.9	6228(184)	8.000		     	    	-9.4(0.2)	-7.6(0.2)	-8.0(0.2)	<-3.5
J230414.49+241554.0	5102(70)	7.935(0.059)	0.530(0.035)	-9.2(0.2)	-7.3(0.2)	-8.9(0.2)	<-3.0
J231937.39+301848.4	7478(256)	8.000		     	    	-8.5(0.3)	-7.2(0.3)	-7.3(0.3)	<-3.4
J232833.31+083028.4	5566(140)	8.000		     	    	-9.0(0.3)	-7.3(0.1)	-7.8(0.4)	<-3.0
J233054.31+280517.4	6344(173)	8.000		     	    	-9.3(0.2)	-7.5(0.2)	-8.1(0.4)	<-3.2
J233320.38+105830.2	6515(193)	8.000		     	    	-8.7(0.3)	-7.0(0.2)	-7.6(0.4)	<-3.9
J234034.61+012416.6	6072(82)	8.000(0.084)	0.574(0.051)	-8.8(0.1)	-7.2(0.1)	-8.0(0.2)	<-3.1
J234048.74+081753.3	6151(156)	8.141(0.225)	0.661(0.142)	-8.7(0.2)	-7.4(0.3)	-7.2(0.3)	<-3.0
J234307.67-001016.3	5778(123)	7.475(0.335)	0.309(0.155)	-9.6(0.3)	-7.9(0.3)	-8.5(0.5)	<-3.0
J235224.26+192247.3	6067(141)	8.000		     	    	-8.3(0.2)	-6.8(0.1)	-7.2(0.3)	<-3.1
J235249.13+334439.2	7200(208)	8.000		     	    	-8.3(0.2)	-6.9(0.2)	-7.1(0.3)	<-3.5
J235715.03+234848.9	6117(178)	8.000		     	    	-9.2(0.1)	-7.3(0.1)	-7.8(0.3)	<-3.2
